[desi]
b1 = -1.0 0.5 4.0
b2 = -75.00000000000001 -3.0 74.99999999955264
bs = -75.00000000000001 0.0 74.99999999955264
b3 = 0.0
