# tracer=ELG1  source=Wei_data.hdf5  group=EZmock  nsim=1499  nk=18
# data-vector ordering: [P0(k0..k17), P2(k0..k17), P4(k0..k17)]
# covariance scaled to TARGET_L=2.0 using factor (L/TARGET_L)^3 with L=2.0

2.772078681526748696e+05 4.561225552629743106e+03 -2.140911528269668452e+03 2.259841513984567030e+02 7.205496888264666495e+02 -9.097762499346839604e+02 5.439487996489677926e+02 -5.069261020751752334e+00 -2.111497002764249373e+02 5.850938066323204794e+02 -7.828164403595333454e+01 4.343013122887243753e+02 1.506515026740523808e+02 5.037417459344830917e+01 8.718703960754113780e+01 2.848481840490163108e+02 -5.806018100311852059e+00 3.451716769222763759e+01 4.219680704034235678e+05 1.150823973251850111e+04 -1.802358766115947583e+04 2.507707616252337630e+03 4.281830595817741596e+03 6.528858178726713959e+02 -2.399280669124490487e+03 1.118356244423109871e+02 2.318849779380792597e+02 8.106813949269389923e+02 2.004925618608585296e+02 -1.927145719854161143e+02 6.445284188921425539e+02 5.017497096845939097e+01 1.552313824659614454e+02 4.631299681283457517e+02 4.070590358798278885e+02 5.379516039387376622e+02 1.105175854722063377e+05 -1.041484109028726380e+04 -5.715699660147834948e+03 1.130382729580888190e+04 -4.934015444283677425e+03 1.559157028756254249e+03 -3.248266797205254193e+02 -1.097389482924369531e+03 -1.847340556391304176e+02 -1.177406493753713221e+03 1.714400423509199300e+03 -7.644153764522003236e+00 4.899233888559557499e+02 5.984225950379282466e+01 -7.743056300184126428e+01 5.070985936768610145e+02 7.557233432347366033e+02 7.190307794815428224e+02
4.561225552629743106e+03 9.768854677647998324e+04 2.162520165268267192e+03 1.360292360388184250e+02 -3.945574756774151979e+02 -1.378495099477199574e+03 -5.329842488373394644e+02 2.219223736944513519e+02 3.792751123486231108e+02 2.694239605147307088e+02 2.146791891410558151e+01 5.682504267834171685e+01 1.025145070282890742e+02 1.543940486862088051e+02 7.930928844303643643e+01 1.515612436357740123e+01 7.921629852231636448e+01 1.313932468285949540e+02 1.186604635721726481e+03 1.480937967967249569e+05 1.786303240393171109e+03 -2.275188322799243451e+03 -8.350946189218043401e+02 -9.588460911031728529e+02 -1.096238690509566140e+03 2.562319500294179761e+03 1.029100714427039975e+03 5.839066774634294887e+01 4.022177337691913976e+02 6.845323636882341134e+02 -5.621935090577389929e+02 1.452325441968098403e+02 2.861299842233664208e+02 2.425596373697659374e+02 3.130263300637544717e+02 3.158622524578162256e+02 2.649051976747106164e+04 4.590445341993671173e+04 -3.763507624019633568e+03 8.980399646099704114e+03 -2.157345529434481250e+03 -2.207255058387259396e+03 3.102466425497305522e+02 2.589272964974765728e+03 2.252117170916154009e+03 1.035998483868792846e+03 1.004269768136389303e+03 9.471487694439956613e+02 -3.877762695201102172e+00 8.859344714079301184e+02 -3.238820593073434679e+02 4.043834414604742165e+02 4.469546101879296884e+02 1.315650085005293306e+02
-2.140911528269668452e+03 2.162520165268267192e+03 3.838412763142463518e+04 8.264944072187129223e+02 -3.871882963226419747e+02 1.325690661089629714e+02 1.931254791289750301e+02 3.372440432523854383e+02 3.310855546727320302e+02 2.074978694770219789e+01 2.272192716273809765e+02 -7.156309562476116071e+01 2.308307052420871841e+01 8.663734468754519469e+01 1.459421779150772203e+01 1.818787599392318910e+01 5.812209389932130676e+01 1.907283408904637056e+01 -1.469515531906430260e+04 8.454221617106644771e+03 5.325287832373526908e+04 8.074014686955464413e+02 -5.469603426529376122e+01 -8.819682230298534478e+02 4.148116731489599829e+02 2.530982157497022342e+02 4.834965463433306354e+02 -2.676941838049624067e+01 2.358585808852575383e+02 2.826777059665769798e+01 -1.699962661421564576e+02 -1.485858979397737016e+02 -1.248828956301046134e+01 2.264025948196722382e+01 5.695699109147209782e+01 -1.681160962625340716e+01 -1.750703759539913517e+04 2.878156580553916683e+03 1.263094922411925654e+04 1.742003122099112488e+03 -3.939121617192203075e+02 -2.009996094721618647e+03 -2.621464042548602151e+02 3.628742360611157096e+02 4.450165106430092692e+02 -3.260540120005563267e+02 -1.159271309102920071e+02 3.853592589714613155e+02 -1.207066060640809013e+02 -4.490845315562867590e+00 9.044112038780923513e+00 -2.483177391962258866e+02 1.163840186814456814e+02 1.024509215815124037e+02
2.259841513984567030e+02 1.360292360388184250e+02 8.264944072187129223e+02 1.886759313817504153e+04 5.301960687298248587e+01 2.343573414096399006e+02 2.809237473684975157e+02 -1.779620186210853205e+02 4.762757278814299156e+01 -1.781459753807028434e+01 5.441267618949397900e+01 4.871076958256425371e+01 2.415473834760656757e+01 3.371492585030328115e+01 3.377406375977979991e+01 8.323767674411777762e+01 -2.574832575949866964e+01 -1.676160367359141290e+01 -5.899955750229799378e+03 1.524407434261057006e+03 2.922454795995958193e+03 2.711705167563831492e+04 1.234020479812091935e+03 -2.790082934539374264e+02 4.788877103958254224e+02 1.950860144725961334e+02 2.815077096533202621e+02 1.796341351940238553e+02 1.637890606202397805e+02 -3.514971561394067834e+01 5.624182932645180699e+02 1.602092901872326820e+02 5.024958120848576471e+01 8.086814687991879680e+01 7.207310309735851206e+01 -3.952940209847339048e+01 -1.481551576162896527e+04 3.208942065308891642e+02 7.069677893038720867e+03 8.151003558594090464e+03 1.575074612677944742e+03 4.215362466861631106e+02 -5.155624241524282070e+02 2.334109985026118039e+01 3.380568088982189465e+02 9.805207336828318887e+01 4.673153341792602191e+02 -3.709451128914171392e+01 4.506796716310543616e+02 3.562537622623653988e+01 -1.413882062957412415e+02 1.661725460409897437e+02 2.485872621579794668e+02 -6.760789745282234264e+01
7.205496888264666495e+02 -3.945574756774151979e+02 -3.871882963226419747e+02 5.301960687298248587e+01 9.860917231894663928e+03 -3.215909132076868104e+01 -4.041784092667023032e+01 -1.300448089083444003e+01 -3.027122777480837801e+00 1.315325594678762684e+02 -3.473037214872871914e+01 4.727116219610504544e+01 1.202565482984589984e+01 2.329639965895268716e+01 4.189840007419900303e+01 -1.833593519802674976e+01 3.158047376092039826e+01 5.916907378063294232e+01 2.368879738468731375e+03 4.105634107072924962e+03 -1.538773330981993240e+03 -2.709191154580576040e+02 1.343766836611149665e+04 2.163194530822833883e+02 4.808451033245783606e+02 -8.527436181588616648e+01 1.969077097299161494e+02 3.641284321290705179e+02 1.719225149504185524e+01 8.895339018497718087e+01 8.073770557648927593e+01 2.486791121591345188e+02 1.489105112529597079e+02 4.235512964560129490e+01 6.568609053352184901e+01 9.782647069880781032e+01 9.451398127073799742e+02 -2.006274528861403041e+03 7.582118892659111680e+02 9.327279587246435995e+02 3.673318965268455486e+03 -1.630473746200433425e+02 8.937781176275524331e+02 -3.630234095582857208e+02 1.467076463433469655e+02 5.265957898066480993e+02 1.481113904825643317e+02 -1.563563791755976808e+02 -5.216824171403291643e+01 -4.443914148498589611e+01 4.987462933282208866e+01 4.636448275212077164e+01 -3.524527499002634556e+01 -4.893929240819326054e+01
-9.097762499346839604e+02 -1.378495099477199574e+03 1.325690661089629714e+02 2.343573414096399006e+02 -3.215909132076868104e+01 5.736529459893120475e+03 -1.212153269323781473e+02 -2.374817559543572187e+01 8.484899265286829007e+01 -2.098433580085019301e+01 1.979302297371765818e+01 -2.588085484532299319e+01 -2.149897073492668120e+00 -1.098228937159479024e+01 1.999283479992154611e+01 4.197896222522663123e+01 -5.262995577053205531e-01 2.367753403239701981e+01 -4.511005906430518735e+03 -1.903899926364940256e+03 8.142842285955759962e+02 -2.327120871639391453e+02 -3.768765878073049862e+02 8.014596853262778495e+03 -3.450212562048382097e+02 -1.833167371664320342e+02 2.704087960479861863e+02 4.749480495570448113e+01 -1.712772171898782005e+02 4.554943947209099520e+01 8.596275226970668371e+01 -6.422803528444735832e+01 9.212654185774370674e+00 3.572007183416069154e+01 1.049470764145638810e+02 6.205495757756165176e+01 -3.228291925630132937e+03 1.582642891986597760e+03 1.093829917045258298e+03 -3.854810223490345038e+02 4.547203544331014058e+01 2.521673067786726733e+03 1.132959494112272409e+02 2.785421095762362143e+02 1.213655107425703221e+02 -3.907437825356046091e+01 -3.113746363471336309e+01 4.581686337032186884e+01 -8.610008453550500818e+00 4.252622283742869769e+01 4.824150349436261820e+01 -5.409847670353985905e+01 -3.503782666172357096e+01 -4.422206585487383990e+00
5.439487996489677926e+02 -5.329842488373394644e+02 1.931254791289750301e+02 2.809237473684975157e+02 -4.041784092667023032e+01 -1.212153269323781473e+02 3.006493270796504930e+03 -1.093254234321363754e+02 -3.567269002292378755e+00 1.054584754505141397e+01 4.242226231285768279e+01 1.689879869429283943e+01 -1.640197159772059976e+01 -2.055017220850636761e+00 2.091724394307514245e+01 3.196292409124876599e+01 4.730295051399678208e+00 1.742267522692468162e+01 3.435988216260429908e+02 -6.948152233068234409e+02 6.777244932253211118e+02 -7.102875345718801192e+00 4.228695289763605274e+02 -1.331044079049085269e+02 4.056212827888046377e+03 -2.635450922310686224e+02 1.102597085198190712e+02 9.023279764051027030e+01 2.293792625352007235e+02 6.500770171977599432e+00 7.296609756399566038e+01 4.717513985004439547e+01 -4.787815584022280468e+00 -3.393399805146280102e+01 3.685973961568483759e+01 2.067213667529588861e+01 -3.606545086791417816e+03 -6.377052595632585508e+02 -1.050278861745624681e+03 2.096316087669222838e+02 5.011188019445351074e+02 2.783322618738642973e+02 9.633762655245296855e+02 -1.690305976430738895e+02 3.999179005311083301e+01 1.792719325446725804e+02 1.149480195776194478e+02 6.487205449178578931e+01 5.128061734002655214e+01 -8.586467070073313224e+00 1.709016116883625358e+01 4.547975522830569051e-01 4.701661068376682806e+01 6.017199832379943558e+01
-5.069261020751752334e+00 2.219223736944513519e+02 3.372440432523854383e+02 -1.779620186210853205e+02 -1.300448089083444003e+01 -2.374817559543572187e+01 -1.093254234321363754e+02 1.784599456079102083e+03 -5.232727375339354392e-01 -4.797935437463418396e+01 2.395992885479544654e+01 1.192497167804060343e+00 2.993576811854271469e+01 6.513153260891291652e+00 -4.668097792349174213e+00 1.496215521517797464e+00 1.410141792378332859e+01 1.530712060811562969e+00 -8.952077493934854147e+02 1.156356012598107327e+03 1.717227167463640001e+02 7.964898933432949946e+01 -2.181310395476240274e+02 4.505319575906011664e+02 -6.182625331788464962e+01 2.316221089352851777e+03 3.709518737818164880e+01 -1.265081200234596110e+02 6.591886686602190082e+01 -4.530423951759298973e+01 7.701428378368753158e+01 3.971499463065769220e+01 1.496840416278311636e+01 -1.562860501686873294e+00 4.881981774693188214e+01 8.405945576031613742e-01 -3.484994685018089289e+00 1.614391305657929252e+03 -2.751146152287629434e+02 -2.131513610442627566e+02 -1.263732092930638151e+00 2.953500415812525830e+02 2.839130477392710645e+02 5.482639416038969102e+02 2.515751392271381235e+02 -8.275496244445516680e+00 -8.394249465937278387e+00 -2.846844175639745345e+01 8.035489281917442383e+01 -5.910381494848727613e+01 2.741314481982697870e+01 -1.608676711600922360e+01 -5.234320291436278438e+01 -4.841071675383380324e+01
-2.111497002764249373e+02 3.792751123486231108e+02 3.310855546727320302e+02 4.762757278814299156e+01 -3.027122777480837801e+00 8.484899265286829007e+01 -3.567269002292378755e+00 -5.232727375339354392e-01 1.068364147192638029e+03 -2.334343877626206165e+01 2.220866934466322462e+01 -1.255483298399393632e+01 2.103440601208912497e+01 2.630521851817909251e+01 3.490825387463731388e+00 1.551177945039648520e+01 3.873228859384038270e+00 2.240391918480291178e+00 -6.940748669697860578e+02 4.946531460386346453e+02 9.052593324433944417e+02 -3.045452506002520465e+01 6.458524952611395520e+01 3.542141504535323406e+02 -3.657018167990887747e+01 3.343549434387889363e+01 1.331430801275711474e+03 -5.081219234114632144e+01 1.110511033670510841e+02 5.499630992493652393e+00 3.794907874745550203e+01 6.581518026178346581e+00 1.309111778126813874e+01 2.927331011110393533e+01 2.130444575117250494e+01 -2.652829329460868024e+00 6.769843556042378623e+02 1.437465167616696363e+03 5.923994772976399190e+02 7.422086373915381046e+02 8.765095449532462624e+01 -4.679398738412168512e+01 -4.517895749359993118e+01 2.571255150154227564e+01 4.275568094434234467e+02 -1.909560038645185500e+02 3.865438645553044950e+01 1.025820186172039996e+02 1.845989290808044814e+01 2.821568719798412417e+01 1.095763290393215925e+02 3.140964319921186743e+00 3.204161612487038013e+01 -4.186998435034664290e+00
5.850938066323204794e+02 2.694239605147307088e+02 2.074978694770219789e+01 -1.781459753807028434e+01 1.315325594678762684e+02 -2.098433580085019301e+01 1.054584754505141397e+01 -4.797935437463418396e+01 -2.334343877626206165e+01 6.932201571212344788e+02 -4.037234235060198984e+01 -2.591855494788025460e+00 -8.358974065798457920e-02 8.711020721467747308e+00 -1.985210167299743533e+00 2.546093131982232194e+00 3.405300554342062469e+00 7.504476721172101961e-01 1.081900651747414940e+03 8.355938039501884305e+02 -1.927610005967027007e+02 1.312503008940850862e+02 2.191267624555691214e+02 3.897609640485613625e+01 3.263912419006435783e+01 -3.522204667774369113e+01 1.667481809048138786e+01 7.845244234782636568e+02 -5.640589000405815767e+01 -4.711447710184002879e+00 -4.698659797803474092e+00 3.465220576098726468e+01 -4.212748732189888656e+00 3.332073913008445487e+01 2.532935160865343249e+01 1.157025850692982516e+01 1.340692722589618597e+03 7.592761777812237369e+02 -5.161222737481622858e+01 5.513124998320815848e+02 -2.461078524065231363e+02 -1.122233407223151289e+02 7.598322533937275125e+01 1.278996833987209136e+01 -6.443326088529971685e+01 2.398133927503837981e+02 -2.135561264853563568e+00 -3.892639152795596136e+00 -2.556229036053669290e+01 8.413096828175193664e+00 3.310830115233748927e+01 1.578788710735641665e+01 3.700382996563313753e+01 9.356316941062489789e+00
-7.828164403595333454e+01 2.146791891410558151e+01 2.272192716273809765e+02 5.441267618949397900e+01 -3.473037214872871914e+01 1.979302297371765818e+01 4.242226231285768279e+01 2.395992885479544654e+01 2.220866934466322462e+01 -4.037234235060198984e+01 5.253283214260632121e+02 9.659814953640907476e+00 1.604033082409635469e+01 2.252365385552366206e-01 1.900116715600155359e+01 5.563897076517901219e+00 4.803488342143210410e+00 1.374029869945577520e+00 -5.740128996188095698e+02 2.142706964911622549e+02 3.652813078306909347e+02 1.459731771110491572e+00 3.740052002085180050e+01 1.231979821818721206e+02 8.424187125831510059e+01 1.182744235944695532e+02 8.896228571831933607e+01 1.054035085686469309e+00 6.419532202419993610e+02 -3.267662805555312300e+00 3.582343902803388147e+01 7.529525825608601508e+00 1.756123127036778087e+01 -9.384029499537119179e+00 1.853142331075125426e+01 3.342195499950634474e+00 -7.656366101523170755e+02 -2.587833837779733130e+02 5.584503377266231361e+00 -3.707009646069189444e+02 -9.332188947124670619e+01 1.300963924475042788e+01 -1.009989794631939617e+02 1.329056388960395338e+02 8.104292477916706616e+01 -5.638053306720185276e+01 4.456103291925943211e+01 -4.649098362115351790e+01 4.229622571675863441e+01 1.193086833310506023e+00 2.962281549501179168e+00 7.791574972978723146e+00 -2.770886995351442295e+01 1.215160272566335387e+01
4.343013122887243753e+02 5.682504267834171685e+01 -7.156309562476116071e+01 4.871076958256425371e+01 4.727116219610504544e+01 -2.588085484532299319e+01 1.689879869429283943e+01 1.192497167804060343e+00 -1.255483298399393632e+01 -2.591855494788025460e+00 9.659814953640907476e+00 3.553000015741612856e+02 5.986517091041156036e+00 5.241275010189172967e+00 3.257926954355404359e+00 1.560663762176306424e-01 3.335315080349685157e+00 4.218005040335937039e+00 8.556254221784628271e+02 2.805758330940400356e+02 -1.189682503466000583e+02 1.459342637002629033e+02 1.894098276814856945e+02 5.038951157592349261e+01 1.069139237947875927e+02 3.515089704098006251e+01 -3.035932974031089415e+01 2.613642680126433149e+01 1.777375753503397249e+01 4.313832522003107783e+02 3.433764878343612992e+01 1.738756210016255910e+00 3.295035849256803484e+00 3.608810007804052339e-02 2.851802938707458779e+01 1.337171943274359620e+01 -1.715640308664831366e+02 2.184005087904195364e+02 -1.840987892100002625e+02 7.865469657010936544e+01 3.609589180308345249e+02 8.778494611126883740e+01 2.067001060283596985e+02 9.261410644402792514e+01 -3.972242957133483543e+01 7.925994760528756444e+01 -7.514992509946154087e+01 9.080877237503173660e+01 2.394612330644297415e+01 -2.193554788169939584e+01 1.081595094612541885e+01 3.948203492084164434e+00 1.436042923013598660e+01 1.251804371217925471e+01
1.506515026740523808e+02 1.025145070282890742e+02 2.308307052420871841e+01 2.415473834760656757e+01 1.202565482984589984e+01 -2.149897073492668120e+00 -1.640197159772059976e+01 2.993576811854271469e+01 2.103440601208912497e+01 -8.358974065798457920e-02 1.604033082409635469e+01 5.986517091041156036e+00 2.491202419239904771e+02 -2.253781951221947022e+00 -1.709716525601725046e+00 4.756584596225182260e+00 -1.461926374511791860e+00 3.947302817087161131e+00 8.525405039282602502e+02 -1.723843944236567438e+01 3.147073751675429207e+02 2.342404449078645428e+02 -1.040038939174079928e+02 -2.166988583077397124e+01 3.674714205386414534e+01 5.657594610326442108e+01 5.799887057850455108e+01 2.564979049054088733e+01 1.917153741246616860e+01 3.746362283059328036e+01 2.875050824724000904e+02 1.316842104839826000e+01 -1.281307478838228420e+01 7.609918136488307283e-01 -7.681876303719338495e+00 1.405932124894142987e+01 5.291648572813082865e+02 -8.642545542553679638e+01 1.168161617177217551e+02 1.986647095493981112e+02 2.268311448324737611e+01 -1.288999865326368877e+02 7.949687820221998891e+01 4.116137117639182108e+00 1.412890113921532702e+02 -5.197570930365157693e+01 5.361273039292647269e+01 4.732426993018140138e+01 4.272234449272774270e+01 3.575447570633868644e+00 -2.407333823464118794e+01 2.669484912939175558e+01 3.236804547982123470e+00 -6.875329140347019585e-01
5.037417459344830917e+01 1.543940486862088051e+02 8.663734468754519469e+01 3.371492585030328115e+01 2.329639965895268716e+01 -1.098228937159479024e+01 -2.055017220850636761e+00 6.513153260891291652e+00 2.630521851817909251e+01 8.711020721467747308e+00 2.252365385552366206e-01 5.241275010189172967e+00 -2.253781951221947022e+00 1.996515835906430141e+02 2.251180861030754876e+00 3.744740358165325467e-01 2.549640506534523787e+00 3.101866476701347963e+00 1.596576184014176931e+02 8.614774292193050087e+02 2.063356321855214404e+01 1.342177013287544298e+02 8.368001033693673207e+01 -4.037906444396479344e+01 2.971831885177256183e+01 5.452759426456053404e+01 2.631812644337658824e+01 2.813247365162269986e+01 2.087588166975457682e+01 3.037653007862144250e+01 -2.014209291050353912e+01 2.192719262662692188e+02 1.976152981032814182e+01 1.052047213366594569e+01 1.626773458920860094e+01 -4.878025521348816063e-01 -6.715336710386291941e+01 2.983267001913408194e+02 -1.021172453748385465e+02 3.312734379363665767e+02 -1.884122075812621517e+02 5.139650306592015028e+01 -3.709477292278450467e+00 6.389363505353415462e+01 8.314721775140752413e+01 -6.206249839843565752e+01 1.931448186612813700e+01 1.457891965500439113e+01 -1.121253262281664220e+01 4.726711991329940332e+01 -5.824337072671235127e+00 5.543379356707337502e-01 1.574225568149261889e+01 5.078212841207642825e+00
8.718703960754113780e+01 7.930928844303643643e+01 1.459421779150772203e+01 3.377406375977979991e+01 4.189840007419900303e+01 1.999283479992154611e+01 2.091724394307514245e+01 -4.668097792349174213e+00 3.490825387463731388e+00 -1.985210167299743533e+00 1.900116715600155359e+01 3.257926954355404359e+00 -1.709716525601725046e+00 2.251180861030754876e+00 1.394658598897710249e+02 1.103991078970963491e+00 -1.993861261547479113e+00 -1.324936011022537663e+00 3.844883166973693989e+01 1.751838522942042573e+02 4.895699727947823732e+01 -2.514453540561900695e+02 7.922656924498811293e+01 4.524257529921948162e+01 -2.158397404600209768e+01 -2.125635001039363914e+01 5.195999410456747114e+01 1.900440437719889175e+01 5.092792977331362181e+01 7.541879892193756874e+00 5.431996200632091210e+00 -1.855678342871546249e+01 1.330470919657082618e+02 7.194849901392712965e+00 2.806126104412241862e+00 1.015981899936979715e+01 -1.010049824923594997e+03 -7.319135581315962327e+02 -1.038716732583827422e+02 -1.753382463594348337e+02 -1.700681547076585218e+02 -3.060797100330741927e+01 -1.332297015391276886e+02 5.153001212027110256e+01 4.780166773506985578e+01 -2.308445059628686735e+01 -2.030255800314838766e+01 3.735165123522237707e+01 2.553949428061688565e+01 -1.933979955543831952e-01 2.777711704879421362e+01 -1.254635498771686031e+01 -1.827700130183156357e+00 8.623163782197002192e+00
2.848481840490163108e+02 1.515612436357740123e+01 1.818787599392318910e+01 8.323767674411777762e+01 -1.833593519802674976e+01 4.197896222522663123e+01 3.196292409124876599e+01 1.496215521517797464e+00 1.551177945039648520e+01 2.546093131982232194e+00 5.563897076517901219e+00 1.560663762176306424e-01 4.756584596225182260e+00 3.744740358165325467e-01 1.103991078970963491e+00 1.057095071305487721e+02 2.869975727311910418e+00 4.947633993035379874e+00 8.990271697619300539e+02 -1.100943274848569047e+02 -3.322373974633586613e+01 1.689288627816026747e+02 -9.812042743141742296e-01 1.312560410410302723e+02 1.323709193679083285e+01 8.559902665513465791e+00 7.183680759015648221e+01 -6.794556527459514328e-01 -5.337151394773353097e+00 -1.475147923802639927e-01 1.807074122068221200e+01 -1.651518017008659100e+01 4.103730206222495625e+00 1.145584452479254054e+02 1.101758129107862594e+01 -3.242533062258891263e+00 5.079633822799914924e+02 3.433483033566560039e+01 -8.356278597230497951e+01 2.840868416138109609e+01 -8.290866603428993642e+01 1.129365475487602879e+02 8.954042254225933561e+01 -1.468157605335875182e+01 2.211266743945811086e+01 -3.257654443882282180e+01 -1.933991012669062926e+01 -1.362061624438537955e+01 1.454231999984578749e+01 -1.544576045140669152e+01 1.915828716659503073e+01 2.586834436998845277e+01 1.141967852940584649e+01 9.381156893823916931e+00
-5.806018100311852059e+00 7.921629852231636448e+01 5.812209389932130676e+01 -2.574832575949866964e+01 3.158047376092039826e+01 -5.262995577053205531e-01 4.730295051399678208e+00 1.410141792378332859e+01 3.873228859384038270e+00 3.405300554342062469e+00 4.803488342143210410e+00 3.335315080349685157e+00 -1.461926374511791860e+00 2.549640506534523787e+00 -1.993861261547479113e+00 2.869975727311910418e+00 8.033382880042779561e+01 -1.439088577983602679e-01 2.231849181931956423e+02 6.284052366091697905e+01 1.918341459948154437e+01 -1.158814676442396774e+02 5.307057874083963611e+01 -6.064621791798560224e+01 2.046811360102590527e+01 2.626444326782886307e+01 2.666041658389100899e+00 6.311220877598842982e+00 1.913568294524666413e+01 -5.006459403413843212e+00 4.051677653726964756e+00 3.256509372128429725e+00 1.856920048932866329e+00 4.865292685166684450e+00 8.044465610921558607e+01 -6.609404170408154755e+00 5.885915275665365698e+02 3.057469524772054026e+00 4.454774077949013389e+01 1.193533999716408402e+02 9.214659016818339410e+01 -5.033402663939026667e+01 7.490193692230702993e+01 4.623696174656358693e+01 -1.077645696051502533e+01 2.285697424305472580e+01 -1.538232180336262900e+01 -1.651372504692033161e+01 -6.346393206676405718e+00 6.318070221284205701e+00 8.281679424890540986e+00 9.519854302088281983e+00 2.694239258077588417e+01 -9.259898202223183494e-01
3.451716769222763759e+01 1.313932468285949540e+02 1.907283408904637056e+01 -1.676160367359141290e+01 5.916907378063294232e+01 2.367753403239701981e+01 1.742267522692468162e+01 1.530712060811562969e+00 2.240391918480291178e+00 7.504476721172101961e-01 1.374029869945577520e+00 4.218005040335937039e+00 3.947302817087161131e+00 3.101866476701347963e+00 -1.324936011022537663e+00 4.947633993035379874e+00 -1.439088577983602679e-01 6.583039178569906369e+01 3.795093529283698217e+02 2.853261670924190980e+02 -2.054106637306052505e+02 -6.974279886415696694e+01 3.656990370834264326e+01 7.778467664400866965e+01 1.907517514611446074e+01 3.918746029958364296e+00 4.167210879223711473e+00 1.056506991235673887e+01 7.988836688486236959e+00 -1.088957533445841186e+01 1.821230383028969557e+00 9.033646815195702118e+00 -3.488271354924886936e+00 7.229323712300872451e+00 -5.462153880022987629e+00 6.337309464875651344e+01 9.637551293893809046e+00 2.125634058063303655e+02 -1.567566605361184031e+02 6.170821491093486344e+01 -2.472014532792225694e+01 1.279039886875348770e+02 -3.928616714200332893e+01 -1.294048197693181201e+01 -1.428376699666756089e+01 3.677296364062555512e+01 -1.490592273465481288e+00 -6.943143999637379160e+00 -7.004348142376128072e-02 -1.192302822430995946e+00 -5.523439547821289430e+00 2.883510169901486897e+00 3.117351622679557455e+00 1.593901919736829953e+01
4.219680704034235678e+05 1.186604635721726481e+03 -1.469515531906430260e+04 -5.899955750229799378e+03 2.368879738468731375e+03 -4.511005906430518735e+03 3.435988216260429908e+02 -8.952077493934854147e+02 -6.940748669697860578e+02 1.081900651747414940e+03 -5.740128996188095698e+02 8.556254221784628271e+02 8.525405039282602502e+02 1.596576184014176931e+02 3.844883166973693989e+01 8.990271697619300539e+02 2.231849181931956423e+02 3.795093529283698217e+02 2.112288094347671140e+06 -1.471446758276612491e+04 -3.134452251603750119e+04 -1.263774021624378111e+04 -4.590340545568915331e+03 6.492123784894949495e+03 -1.862796868505428847e+03 -5.854544283064129786e+02 2.479985285948284854e+03 2.145363774081802148e+03 8.024097069310253119e+02 4.543017456531561038e+02 1.426433363253742073e+03 1.842914827282019132e+02 1.578464330045705537e+03 1.797028843996877868e+03 1.762080515638908537e+03 6.497244217046010135e+02 1.168025447082035011e+06 -4.740142905552619777e+04 -1.273276284736040179e+04 1.711994863054578309e+04 1.163972927214171432e+04 2.847474909158909941e+04 -2.045257813441970029e+03 -5.224556740603927210e+03 4.775291311843454423e+03 -2.218336531617180754e+03 2.574331556297484440e+03 -4.290544090506393331e+03 -2.086978183207655547e+03 -5.475215066802310275e+02 1.996972840318377166e+03 1.658659861191355276e+03 3.099338922434569213e+03 1.715598875327420501e+03
1.150823973251850111e+04 1.480937967967249569e+05 8.454221617106644771e+03 1.524407434261057006e+03 4.105634107072924962e+03 -1.903899926364940256e+03 -6.948152233068234409e+02 1.156356012598107327e+03 4.946531460386346453e+02 8.355938039501884305e+02 2.142706964911622549e+02 2.805758330940400356e+02 -1.723843944236567438e+01 8.614774292193050087e+02 1.751838522942042573e+02 -1.100943274848569047e+02 6.284052366091697905e+01 2.853261670924190980e+02 -1.471446758276612491e+04 7.735288745960372034e+05 3.380720381043838643e+03 -1.849574821571192388e+03 3.928336634656492151e+03 -8.181289545289592979e+02 7.631592642123812311e+02 7.323259946553615009e+03 2.535462997816370262e+03 2.760461223511658318e+03 1.179217454356065815e+02 3.021786749297274582e+03 3.228075368969145416e+02 2.675350995381902521e+03 1.432782603081913749e+03 1.157520953888600843e+03 1.365245185515045023e+03 1.103057214672682903e+03 4.199913060739905632e+04 4.504695307977218763e+05 1.133948620228105756e+04 2.551140069117144958e+04 3.826764677216146993e+03 1.425150631857448616e+03 7.803274640580327741e+02 8.716284941237556268e+03 5.986456088268912026e+03 5.739484090486792411e+03 7.905844638622260163e+02 3.382768114240340765e+03 8.634068164341879310e+02 2.075556623845086506e+03 8.734363653473531031e+02 4.835860302497549128e+02 8.333556581953029081e+02 1.284393145341428635e+03
-1.802358766115947583e+04 1.786303240393171109e+03 5.325287832373526908e+04 2.922454795995958193e+03 -1.538773330981993240e+03 8.142842285955759962e+02 6.777244932253211118e+02 1.717227167463640001e+02 9.052593324433944417e+02 -1.927610005967027007e+02 3.652813078306909347e+02 -1.189682503466000583e+02 3.147073751675429207e+02 2.063356321855214404e+01 4.895699727947823732e+01 -3.322373974633586613e+01 1.918341459948154437e+01 -2.054106637306052505e+02 -3.134452251603750119e+04 3.380720381043838643e+03 2.938074942114903824e+05 5.836848342758697981e+03 -4.087872776665943547e+03 -5.904620582250968255e+02 2.682138031309236794e+03 1.145870531457594552e+03 1.603367465591606333e+03 2.955430142823327060e+02 6.464523837466617806e+01 7.360760420235134234e+02 6.186023452463207377e+02 -1.078548634673930167e+02 -4.332435376436198027e+01 2.919897877637159809e+02 5.852364231243275299e+02 3.272104304710113638e+02 -1.122732099494031445e+03 -4.501211417926287140e+03 1.534164014632888429e+05 -1.432720422460493808e+02 6.210343333509280228e+02 -6.296512583177964189e+03 3.731438609250953505e+03 1.458425306016574496e+03 -5.535664911523821274e+02 4.495700227095098853e+02 1.205332165383171095e+01 7.953519234786305105e+02 1.167506718182540304e+01 9.019930128460297283e+02 2.104617809162700723e+02 -4.215086892071177971e+01 7.576766070495281156e+02 2.559606037386524235e+01
2.507707616252337630e+03 -2.275188322799243451e+03 8.074014686955464413e+02 2.711705167563831492e+04 -2.709191154580576040e+02 -2.327120871639391453e+02 -7.102875345718801192e+00 7.964898933432949946e+01 -3.045452506002520465e+01 1.312503008940850862e+02 1.459731771110491572e+00 1.459342637002629033e+02 2.342404449078645428e+02 1.342177013287544298e+02 -2.514453540561900695e+02 1.689288627816026747e+02 -1.158814676442396774e+02 -6.974279886415696694e+01 -1.263774021624378111e+04 -1.849574821571192388e+03 5.836848342758697981e+03 1.459202611857279844e+05 1.387582520853706001e+02 -4.661421779118764448e+02 -1.628482617023231001e+02 8.100944954721151134e+02 -5.878848375857022575e+02 1.069195142969387462e+03 5.669252639826531777e+02 8.219448749296517462e+02 1.482848614308868719e+03 5.305450434392644183e+02 1.176730024185307428e+02 3.744016385814822456e+02 2.335289615957680383e+02 6.647483234387414086e+01 -2.333239455342222209e+04 -7.521763862368986338e+03 9.310164286468816499e+03 7.629998280272680859e+04 2.691674501500357110e+03 1.163069863082904476e+03 4.446468178973724434e+02 -6.324349909630190041e+02 -1.858827940447966739e+03 5.948549852994621006e+02 4.592893135359659595e+02 -1.374363711669869872e+02 1.080766158650690159e+03 6.005528866773885284e+02 5.230774354615913779e+01 5.226833620504231703e+02 5.574439850207519953e+01 -1.038896775886585857e+02
4.281830595817741596e+03 -8.350946189218043401e+02 -5.469603426529376122e+01 1.234020479812091935e+03 1.343766836611149665e+04 -3.768765878073049862e+02 4.228695289763605274e+02 -2.181310395476240274e+02 6.458524952611395520e+01 2.191267624555691214e+02 3.740052002085180050e+01 1.894098276814856945e+02 -1.040038939174079928e+02 8.368001033693673207e+01 7.922656924498811293e+01 -9.812042743141742296e-01 5.307057874083963611e+01 3.656990370834264326e+01 -4.590340545568915331e+03 3.928336634656492151e+03 -4.087872776665943547e+03 1.387582520853706001e+02 7.662883159252269252e+04 1.394601269653665440e+03 1.454962768066357967e+03 -6.169444463358929625e+02 4.030336746984430647e+02 2.181518437117594544e+02 7.608655614567509247e+02 5.143982434725046460e+02 6.140649608958378849e+02 3.907707395045969179e+02 1.380482848345081379e+02 2.919235925111652818e+02 3.524509918138430180e+02 2.254576217463679484e+02 -1.461112678976037569e+04 -1.298647260539221497e+04 5.723642610404779589e+03 -2.430459435258992471e+03 4.078562020813825802e+04 1.692889892637525691e+03 2.447414945589436684e+03 2.053090251544271325e+02 1.861187120596315197e+02 1.196834451677872977e+02 6.868676294743644348e+02 -2.559603719092113181e+02 1.430276518299898214e+02 -6.907781401628380991e+01 1.662634620925775550e+02 7.910165461310392629e+02 2.126401066417657830e+02 4.271902011737284255e+01
6.528858178726713959e+02 -9.588460911031728529e+02 -8.819682230298534478e+02 -2.790082934539374264e+02 2.163194530822833883e+02 8.014596853262778495e+03 -1.331044079049085269e+02 4.505319575906011664e+02 3.542141504535323406e+02 3.897609640485613625e+01 1.231979821818721206e+02 5.038951157592349261e+01 -2.166988583077397124e+01 -4.037906444396479344e+01 4.524257529921948162e+01 1.312560410410302723e+02 -6.064621791798560224e+01 7.778467664400866965e+01 6.492123784894949495e+03 -8.181289545289592979e+02 -5.904620582250968255e+02 -4.661421779118764448e+02 1.394601269653665440e+03 4.519263376636581961e+04 -7.108472213386795602e+02 3.118606922029684370e+02 1.473879598750020932e+03 7.823611598914603746e+02 -2.176160750990187864e+02 1.818623380484711163e+02 1.092760516551549728e+02 6.590229234386994506e+01 1.828690391222926621e+02 3.015735958840288049e+02 3.164853651807351866e+02 2.440181187269081988e+02 1.026422736633470049e+04 -2.878591968737512730e+02 2.658728322528210356e+03 -3.132780566779615583e+03 2.298938252617531816e+03 2.622524202720584071e+04 1.324456395765290608e+02 1.096784307328922523e+03 9.330532543656667031e+02 5.948068176842573394e+02 4.440889347801429494e+02 -5.520035846972410809e+01 -9.649400987729515577e+01 2.613225561590540451e+02 4.013024031193233441e+02 -1.027716733808680090e+02 4.221518958299957376e+02 -4.955179915148745806e+01
-2.399280669124490487e+03 -1.096238690509566140e+03 4.148116731489599829e+02 4.788877103958254224e+02 4.808451033245783606e+02 -3.450212562048382097e+02 4.056212827888046377e+03 -6.182625331788464962e+01 -3.657018167990887747e+01 3.263912419006435783e+01 8.424187125831510059e+01 1.069139237947875927e+02 3.674714205386414534e+01 2.971831885177256183e+01 -2.158397404600209768e+01 1.323709193679083285e+01 2.046811360102590527e+01 1.907517514611446074e+01 -1.862796868505428847e+03 7.631592642123812311e+02 2.682138031309236794e+03 -1.628482617023231001e+02 1.454962768066357967e+03 -7.108472213386795602e+02 2.308569194925481861e+04 -8.391558308620584228e+01 5.162749363379150509e+02 5.547197170214825519e+02 6.053639840680170892e+02 3.180199522302150399e+02 2.084652876898485374e+02 2.904945122635641610e+02 8.680076293031495993e+01 4.230821751758467997e+01 1.629267565187725211e+02 6.687260913321625821e+01 2.746004360493072454e+03 -1.540360520306178159e+03 7.029940737811480176e+02 1.361184480248060936e+03 -1.380591624368580597e+03 -9.817129740976695302e+02 1.210810376665199328e+04 2.499280298467734553e+02 9.051136058998378076e+02 -1.073172877826045521e+02 6.488063345389450660e+02 1.912804644463044212e+02 -2.248248573457868460e+01 -1.036551033520045628e+01 2.088021371691725108e+02 -6.647612185508663174e+01 1.478299590752910717e+02 2.478960799125601611e+01
1.118356244423109871e+02 2.562319500294179761e+03 2.530982157497022342e+02 1.950860144725961334e+02 -8.527436181588616648e+01 -1.833167371664320342e+02 -2.635450922310686224e+02 2.316221089352851777e+03 3.343549434387889363e+01 -3.522204667774369113e+01 1.182744235944695532e+02 3.515089704098006251e+01 5.657594610326442108e+01 5.452759426456053404e+01 -2.125635001039363914e+01 8.559902665513465791e+00 2.626444326782886307e+01 3.918746029958364296e+00 -5.854544283064129786e+02 7.323259946553615009e+03 1.145870531457594552e+03 8.100944954721151134e+02 -6.169444463358929625e+02 3.118606922029684370e+02 -8.391558308620584228e+01 1.259380124902123316e+04 3.124777568642211349e+02 -1.971635313814298343e+02 3.534243210597118718e+02 1.415619976627117360e+01 3.064572061847175632e+02 2.353969723514037184e+02 1.918508021066589890e+02 6.689105675256112704e+01 1.548702737882578901e+02 2.654448609162867356e+01 4.843973617988580372e+03 2.107110257994198491e+03 8.734983294549679158e+02 -2.988093880313250565e+02 -1.050247664772049120e+03 -5.652322570757672793e+02 5.411562577755696566e+02 6.140921001200968021e+03 5.178494583704235765e+02 -2.409465985516686715e+02 4.042429590882602497e+02 -2.041107101331563456e+02 1.348083069761393347e+02 1.602540388997439322e+02 2.250918345753127880e+02 1.149852385068558931e+02 1.008180123521604266e+01 2.825004385135484597e+01
2.318849779380792597e+02 1.029100714427039975e+03 4.834965463433306354e+02 2.815077096533202621e+02 1.969077097299161494e+02 2.704087960479861863e+02 1.102597085198190712e+02 3.709518737818164880e+01 1.331430801275711474e+03 1.667481809048138786e+01 8.896228571831933607e+01 -3.035932974031089415e+01 5.799887057850455108e+01 2.631812644337658824e+01 5.195999410456747114e+01 7.183680759015648221e+01 2.666041658389100899e+00 4.167210879223711473e+00 2.479985285948284854e+03 2.535462997816370262e+03 1.603367465591606333e+03 -5.878848375857022575e+02 4.030336746984430647e+02 1.473879598750020932e+03 5.162749363379150509e+02 3.124777568642211349e+02 7.321642446598315473e+03 6.308432225102018975e+01 2.883637010345104272e+02 -4.086015523291993645e+01 4.198315238594445020e+01 8.059231421891405489e+01 7.740562244089036881e+01 1.912073886256710580e+02 -1.331622216772771206e-01 3.645607945303356701e+01 3.360538907371923415e+03 -6.938233188678660213e+01 2.083781320016967129e+03 1.698082593657630355e+02 3.424542993355850058e+02 2.469948517784825412e+02 -1.633516104846976873e+02 -5.192659071666776072e+01 3.615574013562373693e+03 -1.375542317052464796e+02 2.752449910575634817e+02 1.392330352369188233e+02 1.616092563482568494e+02 1.274482011906178798e+02 1.755778740181527553e+02 8.990127395563970936e+01 4.293863781380312616e+01 6.992924260111759338e+01
8.106813949269389923e+02 5.839066774634294887e+01 -2.676941838049624067e+01 1.796341351940238553e+02 3.641284321290705179e+02 4.749480495570448113e+01 9.023279764051027030e+01 -1.265081200234596110e+02 -5.081219234114632144e+01 7.845244234782636568e+02 1.054035085686469309e+00 2.613642680126433149e+01 2.564979049054088733e+01 2.813247365162269986e+01 1.900440437719889175e+01 -6.794556527459514328e-01 6.311220877598842982e+00 1.056506991235673887e+01 2.145363774081802148e+03 2.760461223511658318e+03 2.955430142823327060e+02 1.069195142969387462e+03 2.181518437117594544e+02 7.823611598914603746e+02 5.547197170214825519e+02 -1.971635313814298343e+02 6.308432225102018975e+01 4.799787966901030813e+03 5.867331628595766801e+01 1.058260427800087200e+02 2.718796360662527150e+02 2.059024958761785626e+02 2.682229410548346848e+01 1.531397416976042223e+02 1.024218011303361493e+02 1.006481273146106048e+02 -1.831541040793018283e+03 1.737085612413323588e+03 7.515059708238682106e+02 7.877330912786092085e+02 6.288505654655748600e+01 5.271530833470102380e+02 2.951385664147946954e+02 1.085673148550683322e+02 2.226995245048358640e+01 2.406616231110386252e+03 2.086979602813902446e+01 1.819415136267078879e+02 8.478447526202546669e+01 2.282549310746035758e+02 5.547783583434038945e+01 1.215608170314644809e+02 5.871745326910507856e+01 1.003996779270677138e+02
2.004925618608585296e+02 4.022177337691913976e+02 2.358585808852575383e+02 1.637890606202397805e+02 1.719225149504185524e+01 -1.712772171898782005e+02 2.293792625352007235e+02 6.591886686602190082e+01 1.110511033670510841e+02 -5.640589000405815767e+01 6.419532202419993610e+02 1.777375753503397249e+01 1.917153741246616860e+01 2.087588166975457682e+01 5.092792977331362181e+01 -5.337151394773353097e+00 1.913568294524666413e+01 7.988836688486236959e+00 8.024097069310253119e+02 1.179217454356065815e+02 6.464523837466617806e+01 5.669252639826531777e+02 7.608655614567509247e+02 -2.176160750990187864e+02 6.053639840680170892e+02 3.534243210597118718e+02 2.883637010345104272e+02 5.867331628595766801e+01 3.923195936521387466e+03 9.895680361084507126e+01 5.410958943324507686e+01 1.854909617186400794e+01 1.204351723163880337e+02 6.172578773183671075e+01 1.141129299952362288e+02 7.517979798483901277e+01 -3.834625398300715460e+03 1.171905916669606995e+03 7.950686070067278024e+02 -8.314967793210155378e+02 -2.617349840839633046e+01 -4.564769712794201837e+02 2.362763563784714052e+02 4.906678993173549088e+02 1.122616142879352310e+02 -2.248473766464848893e+02 1.997767585377322348e+03 1.660141970383165244e+02 1.529690411870383002e+02 1.093883208881672289e+02 -1.511818395882312061e+01 8.213799954641959289e+01 4.050284813387058591e+01 4.313262944429466472e+01
