# tracer=ELG2  source=Wei_data.hdf5  group=EZmock  nsim=1024  nk=20
# data-vector ordering: [P0(k0..k19), P2(k0..k19), P4(k0..k19)]
# covariance scaled to TARGET_L=2.0 using factor (L/TARGET_L)^3 with L=6.0

4.496090828573788516e+06 1.882675674503426126e+04 1.403092976090094635e+04 7.357453345700286263e+03 1.278986043627827712e+04 -1.815862495500910882e+03 1.498509898406079515e+02 -1.612030197597055576e+03 -1.412533944988583471e+03 1.002739102681318286e+03 5.332180822815847932e+03 -1.099449587222911759e+03 1.256621385311205813e+03 -6.001777846855143395e+01 2.253080816110591968e+03 1.658633374265905402e+01 -6.939940875673738674e+02 3.667856727821484810e+02 3.298357059820502286e+02 -3.604250751367056864e+02 6.649198226790195331e+06 -2.090459249196509481e+05 -8.073319514063386305e+04 -5.002096080126792367e+04 6.641540408383510658e+04 -2.012313523874784369e+04 -2.677538837236672407e+04 2.746081107902523945e+04 6.605574811335017330e+03 1.145690044463630693e+04 5.400509234776622179e+03 -5.269148247643125615e+03 -2.953510216905216566e+03 1.583463456386945154e+03 2.703679317855920090e+03 -4.099325819467290444e+02 1.627440564783144055e+03 1.887879779846360634e+03 3.672331187678415745e+02 2.061277653526683935e+03 1.679390028807903407e+06 -6.736980718191079795e+05 -6.175423897052009852e+04 1.970829854165294382e+05 2.117486363166209412e+04 2.941955108841615947e+04 -3.160996224497806907e+04 8.423396981017496728e+03 9.756481119968206258e+03 9.161511860794082168e+03 5.117764012102494235e+03 -6.604244120225918778e+03 -1.162565369950071045e+03 9.671751793813842824e+02 3.973773471277717704e+02 8.008635407021724859e+02 3.751830133230467254e+03 -4.350566421707724203e+02 -7.612535104039770886e+02 1.122465501973887513e+03
1.882675674503426126e+04 1.245118324873550329e+06 1.966891150349666759e+03 -2.268072106176992747e+03 -3.890964081919372802e+03 -1.717493274259708642e+03 -4.245448583389916166e+03 4.064156557017471982e+02 2.846193024494479232e+03 5.833845169876424279e+02 -5.171118279968669640e+02 6.009306240328550075e+02 5.569048386589013262e+02 -1.549664447107319347e+03 -6.889609037514192096e+02 2.259678344350541224e+01 1.783339850460325238e+02 4.799095078504542471e+02 -5.135712891842200634e+02 -2.330703312057525167e+01 -7.936688172152628249e+04 1.666763704835030949e+06 1.405180801562300258e+04 1.991964799207951728e+04 1.065869843578727887e+04 -1.241263613836378681e+04 -1.212996314732364772e+04 8.220362392307646587e+03 3.897797373697585499e+03 1.525164365057559962e+03 -3.068831004985609979e+03 2.159644651548346246e+03 -2.034559451049685777e+03 -3.496282704376394577e+03 -1.227432425008014434e+03 -2.195392576358414658e+02 1.228802377460960543e+03 7.312952658256826055e+01 -2.237789027712871359e+02 -5.616823573443836040e+02 2.175330368574720342e+04 3.357475573172867880e+05 -3.525855874986611161e+04 -1.928848406085248644e+04 -1.885464896133055390e+03 1.268147771583341864e+03 -1.459685837460711628e+04 2.297195045323565137e+04 -1.038605610553947008e+04 -5.188338787765691450e+03 5.428847944814868242e+03 -2.504768386533000466e+03 4.023315250996879513e+02 8.902097155319023614e+02 -2.230741856910527986e+03 7.660023571901563173e+02 1.082896924862046149e+02 -1.359061563237694656e+02 -4.958392120387384239e+02 3.077612148110577195e+01
1.403092976090094635e+04 1.966891150349666759e+03 3.641428649867372587e+05 -2.168156396130936628e+03 -2.078094594059096210e+02 2.285795749042568332e+03 1.959883231985934344e+02 -6.572665836728173190e+02 1.179876368103119376e+03 -1.262695789958207115e+03 1.144183456076573748e+03 2.786063705306733027e+02 -1.214074846382441820e+03 4.892343474248728796e+01 -5.119904761767081425e+01 2.342131647161419039e+02 1.606875510003318368e+02 1.969425182135994987e+02 -1.745291199206790225e+02 -1.350046268201859334e+02 -2.245542924012536969e+04 -8.294477233830402838e+04 4.632747194290116895e+05 -2.187783991875652646e+04 -2.589352074558683853e+03 1.976930243284410153e+03 8.177116592435489110e+03 -5.749501522621178538e+02 4.823563830169943685e+03 -1.902921845519123963e+03 1.070930592356894977e+03 4.967768786621728161e+00 9.043821903558456370e+02 -3.162982814554272863e+02 -8.890107004797748687e+02 -4.666642433758320863e+02 1.535441486759283123e+02 6.427082618632815070e+01 3.885316605818493940e+02 1.128372944741920918e+02 -7.103669826458345051e+04 -6.352803072573499958e+04 1.257342265161766409e+05 1.030043470350873758e+04 5.043361252807210803e+03 -2.536556538012854162e+03 7.648406703116006611e+02 7.747998772677415218e+02 4.037470798533868788e+02 -2.521779110454442616e+03 2.263450525953818214e+03 1.067026767034493560e+03 1.499906558030571432e+03 -1.761631580884697996e+02 -3.238931048686077929e+02 2.507682303302573814e+02 1.225177745572096228e+03 -6.094415967824001257e+01 7.815035854439038303e+02 -2.394841550666900787e+02
7.357453345700286263e+03 -2.268072106176992747e+03 -2.168156396130936628e+03 1.117155758780864562e+05 1.571323049112733656e+02 -8.606299707637148231e+02 -4.873964863055476826e+02 2.616084407173547888e+01 -3.174288583796895864e+02 -2.486713156497576449e+02 2.206921688204863017e+02 4.448051257675204511e+02 -4.399088053062810388e+01 -1.725308716664214046e+02 -2.177259002164953756e+02 3.062349411906287173e+02 9.530336589909663303e+01 -1.612855250203057267e+01 8.320385226017288005e+01 -2.384266702293430384e+01 -1.557697157454422086e+04 2.730321818734695262e+04 -4.743584768277374678e+03 1.528177280156084162e+05 8.859168090622034697e+02 -1.123963507240835270e+03 1.348376456029728843e+03 -2.729804860166657818e+03 -1.286606231536454970e+03 -4.588764373209123733e+02 -3.663744882350632679e+02 7.053620180205092538e+02 4.991736715475408346e+02 1.172457463852410456e+03 -4.591962657480104895e+02 7.741455892757427364e+02 6.323692759625214421e+02 -6.548772873137450006e+02 5.957053511000997226e+00 3.132481818255803319e+02 2.494207224481534504e+05 2.340003391475542230e+04 -2.694929809677855883e+04 2.097337709463178180e+04 1.144716329268089794e+03 7.105008388233512960e+03 5.324664631501633266e+03 -5.028105272198599778e+03 -3.137905794338887972e+03 2.572014631274739713e+02 3.846038851053278904e+02 3.324367922068902885e+02 -6.509550491479618586e+02 9.815222507455529239e+02 -7.539818816449530914e+02 8.873437735412392158e+02 3.800523671014682350e+02 -1.843736344795106845e+02 1.816625409716136019e+01 5.088308915294641110e+02
1.278986043627827712e+04 -3.890964081919372802e+03 -2.078094594059096210e+02 1.571323049112733656e+02 4.476853972260985029e+04 -5.136809698503653863e+02 -1.201456035204706268e+03 -2.163705961345312119e+02 -5.921836611934301118e+02 -4.554919127190206609e+02 7.216496573554071858e+01 1.978913739111879408e+02 1.050523646760260732e+01 7.470731365309964644e+01 -5.925952223929758134e+01 -7.675693270299690951e+00 4.329764362367986053e+01 4.560410522527471500e+01 -1.793783940333930715e+01 -2.535173383204842423e+01 4.489166031786860549e+04 -8.956466442733626536e+03 8.000693970357240687e+03 5.223255322990222339e+03 5.202442888341103389e+04 -7.098009640213640523e+02 3.230596826328597331e+02 2.032684711493469877e+03 -1.566841426734169090e+03 2.127102153826956510e+02 4.293400978831562611e+02 1.575747519059656554e+02 4.104133389782444397e+02 -5.983629561066235283e+02 -3.267343807480606301e+02 -3.121329529893607742e+02 3.497923201757573111e+02 1.614665203253241827e+02 3.646647082689083845e+02 1.500343499182705820e+01 1.435731702639741525e+04 -2.220037441095080430e+04 -4.040002020860362791e+03 -8.022873546918992361e+03 6.881560293490048934e+03 1.404797372389622751e+03 -4.643911733798486807e+02 2.059753341377494962e+03 -1.573001264006944893e+03 -8.206734783922582821e+00 -5.416713863687259618e+02 5.580449812540839503e+02 -3.835660879006362620e+02 1.135695769743938826e+02 -5.287074450595230246e+02 1.350436831000394307e+02 2.577967124852870739e+01 3.339536381258555480e+02 7.672389392390166449e+02 -9.793714100062915406e+01
-1.815862495500910882e+03 -1.717493274259708642e+03 2.285795749042568332e+03 -8.606299707637148231e+02 -5.136809698503653863e+02 2.049091035587213264e+04 2.400296880994259539e+02 2.030011324485596447e+02 -7.719601005395945492e+01 1.585014836113749048e+00 6.408862121630728836e+01 -5.590080674283073137e+01 1.464208082256544117e+02 -5.021804855031537329e+01 -7.702819083208839857e+01 1.940948066991641596e+01 -7.216153236755754108e+01 6.485983726279285122e+01 1.026866869234183923e+02 8.983201817177869941e+01 -1.491548337034789802e+04 -1.010312658311769701e+04 -6.286150823119293136e+02 -5.892309548298075242e+03 -4.363023406514869748e+03 2.679653058851378955e+04 -4.545244642029409761e+02 1.121924691828457753e+03 6.934213413907442600e+02 6.474124728440011722e+02 -1.105429459888476060e+02 1.260436742926187179e+02 3.161021041207009716e+02 3.600643487114082859e+02 -3.841115182129195205e+01 6.676182992257594151e+00 7.810977929009723653e+01 2.163414727735753615e+02 -3.279225750343519596e+00 3.022402417659268892e+01 1.577493432986022344e+04 -1.201331531299083326e+04 8.974145910105311486e+03 -2.248509291229805513e+03 4.118613585852287542e+03 7.334554920032949667e+03 -7.063124616410739236e+02 -1.232404464740095364e+03 -1.294277491180349898e+03 -7.211875921371278082e+02 -5.311351870207745378e+02 1.163584582375418677e+03 -5.112207883285490340e+01 9.244527147629966635e+01 -2.614963416539370087e+02 -3.399810354759277065e+00 -3.607821177240245447e+02 2.910988160216725191e+02 -4.727859239422776483e+01 -1.168353311518349216e+02
1.498509898406079515e+02 -4.245448583389916166e+03 1.959883231985934344e+02 -4.873964863055476826e+02 -1.201456035204706268e+03 2.400296880994259539e+02 1.222334150645301634e+04 2.566000330497859068e+02 -1.666939530606832705e+02 1.481213365613452879e+02 9.221968068689378129e+01 -8.640143712738616699e+00 7.146226263519267263e+01 7.561697793685851821e+01 6.442717127947015854e+01 1.616600138130552580e+02 -1.605976178857627445e+01 -6.642659925070580584e+01 3.247972169859014002e+01 2.663370725824750451e+01 -4.457177462183255557e+04 -1.936933445998827301e+04 -2.968872197676659653e+03 2.387926251710400720e+03 -1.262645850364045145e+03 -4.558649078179755953e+00 1.485045302378849738e+04 -7.913855863805279114e+02 -4.603316996679561726e+02 -1.228228657017209855e+02 3.888300226947843043e+02 2.844701740391935800e+02 -7.089434719879007218e+01 1.511609390361062424e+02 3.944618007379673941e+02 2.244209036457540662e+02 -7.073286543848215047e+01 3.192719899216467283e+01 5.098743933248484517e+00 9.772754947355683441e+01 6.577392596472650439e+03 -3.197742348189038694e+03 -2.325060990629088701e+04 5.533668994499355904e+03 4.509789093486609090e+03 1.681045351940187174e+03 2.845717555443059155e+03 3.346631374183670005e+02 -4.937293715955486562e+01 -2.637583291457257815e+02 1.203318880546916176e+02 5.401292410989351538e+02 -1.369731266702309256e+02 -1.590743859316978046e+02 2.079127030538295173e+02 -1.447813556660459255e+01 6.868416702468202573e+01 6.233412008973744634e+01 -7.054715451934472981e+01 1.307334506982933249e+02
-1.612030197597055576e+03 4.064156557017471982e+02 -6.572665836728173190e+02 2.616084407173547888e+01 -2.163705961345312119e+02 2.030011324485596447e+02 2.566000330497859068e+02 6.807256200492820426e+03 -4.029308824045119586e+00 -5.345997860687086956e+01 2.619486570158055017e+01 8.950399751488055244e+01 -1.822281423055567373e+01 -5.455144474653410569e+00 -2.412441566946527161e+01 -1.019388581788044590e+01 4.833617311096431024e+01 3.913734139376314403e+01 4.640696751399116238e+01 2.341922741296813726e+01 1.799947356178317932e+04 5.728778167026136543e+03 -1.553425324327955877e+03 -1.663421561201257418e+03 1.950264290220210057e+02 -1.333996243739343583e+02 2.074355285890113620e+01 8.325265515626389970e+03 2.241697323087623772e+01 1.950288934437752175e+02 6.541288835165164528e+01 1.432990404193056690e+02 1.055160756183672532e+02 -4.219333945656823737e+00 1.230083888002015513e+01 -3.066885597393515184e+00 1.360837776436080446e+02 1.036370774404708328e+02 1.569037799067243668e+02 6.460290103374669002e+01 2.267575733684928491e+04 5.700456547436788242e+03 2.100172140562915956e+03 -1.380001260423124904e+03 4.012959119783374149e+02 6.630962658163534797e+02 -2.206192703700039885e+02 2.274621344425343523e+03 1.552884487779040690e+01 -8.469483775394750182e+02 2.219673317809097455e+02 -1.592239939984537500e+02 9.116564697969647568e+01 4.433834903876989841e+01 8.410255242718355362e+01 -1.581384040359488949e+02 -3.765030845353609656e+00 2.488696581561959249e+02 -8.807195622204428531e+00 7.192766905232649322e+01
-1.412533944988583471e+03 2.846193024494479232e+03 1.179876368103119376e+03 -3.174288583796895864e+02 -5.921836611934301118e+02 -7.719601005395945492e+01 -1.666939530606832705e+02 -4.029308824045119586e+00 3.923771116431334576e+03 -3.035227258985187859e+00 -1.226742288570278987e+02 -8.171787776456856989e+01 2.295540978204330340e+00 -5.580403762519390298e+00 3.908992302145819053e+01 -1.033237333801257662e+01 2.933317495689883714e+01 2.879099013073370372e+01 1.539497157233107494e+01 1.038971756889534603e+01 -1.871654634301755095e+03 1.282577194608285390e+04 2.867682690533596997e+03 5.298600278229973810e+02 3.697977887260831835e+02 -6.688122164691733360e+02 3.487274655921734734e+02 1.510726015068930792e+02 5.268114217570187975e+03 8.772313426470765307e+01 2.610159907087224838e+02 -8.970894060074527943e+01 1.300294292995848267e+01 6.158936825347259969e+01 9.561854396067155903e+01 1.159338059212460195e+02 1.540267821928050296e+02 5.824300785907812639e+01 -7.083686431554315988e+00 -5.201410464493981323e+01 -6.566304984627002341e+03 2.418579409942732582e+03 3.826636495094683596e+03 4.781020437606094674e+03 1.701961269214396680e+03 -1.175078102905977175e+03 -5.752768050130980555e+02 4.871870325519654443e+02 8.624527778316031572e+02 4.452946325667745242e+01 7.624950471910037777e+02 -1.487973052300585266e+02 -1.250547669915374627e+02 -3.673720132909224390e+01 -2.985070751967747427e+01 1.451713616131875995e+02 2.272067070443333492e+01 -3.271749733560817219e+01 -2.526107289386548516e+01 -3.862211934759030640e+01
1.002739102681318286e+03 5.833845169876424279e+02 -1.262695789958207115e+03 -2.486713156497576449e+02 -4.554919127190206609e+02 1.585014836113749048e+00 1.481213365613452879e+02 -5.345997860687086956e+01 -3.035227258985187859e+00 2.231042206594535855e+03 -1.093026582793886980e+01 -8.393312705511659999e+01 -1.903650162085149233e+01 -2.376863213035559141e+01 -1.720796491825750607e+01 -1.888061053732201344e+01 1.763726420818576912e+01 1.113672946554857646e+01 4.707379399838220735e+01 7.824032588414988609e+00 1.521637917979153099e+04 -4.131310196814415576e+03 -2.333207475231328317e+03 2.318226870960592350e+03 -1.682865315401594216e+03 2.430105286343015436e+01 2.130754124588165510e+01 -1.934647258763514799e+02 2.465790312254475793e+02 2.481906829910035867e+03 -9.386287510880684692e+01 -1.767044831351429082e+02 -6.038933887789119126e+01 5.822398820514842299e+01 2.026672855565545106e+01 6.490875328350352902e+01 6.510674827621130589e+01 -2.392189535850735638e+01 7.145986842522719940e+01 3.218311026989011481e+01 -1.009141318369342662e+04 -8.726896716310673582e+03 -5.901066738808032824e+03 -1.191217705939978714e+03 -1.518427304887231685e+03 -6.126522450443089838e+02 9.259710396499330045e+02 -4.784026832191322001e+02 -5.459986922162439527e+01 7.060587460426710322e+02 1.259069454754218924e+02 -2.857828180771562643e+01 3.092786627580285241e+01 2.879087733670456828e+02 7.057162766773950580e+01 -4.258881375027225857e+01 7.825599335401105350e+01 4.052923408407982464e+01 -3.895299157428974723e+01 7.311612427101067624e+01
5.332180822815847932e+03 -5.171118279968669640e+02 1.144183456076573748e+03 2.206921688204863017e+02 7.216496573554071858e+01 6.408862121630728836e+01 9.221968068689378129e+01 2.619486570158055017e+01 -1.226742288570278987e+02 -1.093026582793886980e+01 1.298617858802942919e+03 -2.950328957929820461e+01 -2.690229141066796714e+01 -4.957490080109797637e-01 -1.665014658113130874e+00 3.164125521444123379e+01 1.202125959546337164e+01 -7.257666746030691840e+00 1.915030441257080884e+00 -1.667977241258375187e+01 3.948644726631654066e+03 -3.252610725442688818e+03 -2.363546003450210549e+02 -3.713524050633999991e+02 4.418811161500713069e+02 1.743908610906263732e+02 -1.059113736144260969e+02 2.779259191914205189e+02 -6.910343820500960987e+01 -7.781679106607252550e+01 1.517791946216958877e+03 -4.591973674824757978e+01 -1.216205184898555736e+01 2.941533565717779553e+01 -4.532799909296758756e+01 -2.623621332181190624e+01 1.638211333172759510e+01 2.616802949293606062e+01 3.858980779237272429e+01 -9.678657676419224032e+00 6.120395465723695452e+03 -3.212975564182033395e+03 -1.242452903934042524e+03 8.060471479779114361e+02 -1.356583212161467600e+02 5.562526224857193711e+02 3.672258425569714859e+02 -2.626396088051517097e+01 2.734177913598687724e+02 2.831951805436571590e+02 2.295094598395098160e+02 2.732276112773864156e+02 -6.877376754224700051e+01 6.337522435562771506e+01 4.295024877480121717e+01 -2.136859324876764887e+01 -1.183956846953934416e+01 1.651736282131910372e+01 -1.445214119794941254e+01 4.805971802203885801e+01
-1.099449587222911759e+03 6.009306240328550075e+02 2.786063705306733027e+02 4.448051257675204511e+02 1.978913739111879408e+02 -5.590080674283073137e+01 -8.640143712738616699e+00 8.950399751488055244e+01 -8.171787776456856989e+01 -8.393312705511659999e+01 -2.950328957929820461e+01 8.883901385235150201e+02 -2.174310410394696191e+01 1.632163579992254299e+01 2.184846440135691736e+01 1.405121532032959131e+01 7.305074916637497751e+00 -3.600856170546429702e+00 -5.807577627043541968e-01 9.999583055656254160e+00 -9.560254119431729123e+03 2.001763327506936776e+03 2.082871769836637668e+03 1.871405309921882917e+03 7.504338127067140931e+02 -2.773385587320913714e+02 -1.867276866968951765e+01 2.365847823437050010e+02 -3.080003916467974250e+02 5.900364848203629720e+00 -4.387107475900187126e+01 1.079867472981509536e+03 -2.739651138575142397e+01 -5.281032186408960882e+01 1.302809231582556748e+01 2.135741791676164425e+01 7.929144469198262435e+00 5.327940862198894223e+01 1.145357598343719752e-01 3.156616941289009759e+01 -1.146614423014735257e+04 -1.310897201752543140e+02 2.928633422130634699e+03 3.862435771673823410e+02 6.240887024177604872e+02 -5.792900969548293233e+01 1.487473515615900794e+02 -5.802415061058244419e+02 -3.447105440773764258e+02 1.216470219933610366e+02 7.512748547780347508e+01 3.527765176897617039e+02 -1.497108077158584365e+02 -8.046346445900277899e+01 -3.318406076719777076e+01 -5.014886809099501619e+01 -5.724975317883992609e+00 -1.960862492790540657e+01 9.417173703205254043e+00 -3.089495377242662144e+01
1.256621385311205813e+03 5.569048386589013262e+02 -1.214074846382441820e+03 -4.399088053062810388e+01 1.050523646760260732e+01 1.464208082256544117e+02 7.146226263519267263e+01 -1.822281423055567373e+01 2.295540978204330340e+00 -1.903650162085149233e+01 -2.690229141066796714e+01 -2.174310410394696191e+01 6.496926356045830744e+02 -7.957180908126847418e-01 1.890520514178928080e+00 -2.926905327877970531e-01 4.381309144090256069e+00 -4.058443668513207037e+00 -8.208135259944988882e-02 1.439358751529395875e+01 4.631539540181270240e+03 5.430765693351952905e+03 -3.524719594072148084e+03 1.065354065607090888e+03 3.255720331037469464e+02 6.818787363145410154e+02 3.843564344896027478e+02 -1.618574588988023493e+02 8.861572683153760011e+00 -3.304135142316342666e+01 -6.512115382529196950e+01 -2.608139567549748961e+01 7.055954122705015834e+02 2.300959868868864278e-01 1.250562230211092363e+01 2.335902068511547114e+01 3.838183259694951488e+01 -1.113855822881779289e+01 -1.259783803980982109e+00 1.257808574427462034e+01 -9.315242839394712064e+03 7.068333096834949174e+03 -1.173904311343918152e+03 2.434479857158080449e+02 7.489944790284206420e+02 6.180954264130130014e+02 3.146149314715309515e+02 1.250464120761715918e+02 -3.277735267583717160e+01 6.966505900269616802e+01 -1.300323924600039049e+02 1.464963904278858706e+02 2.078408882741975390e+02 -2.384676757899862309e+01 2.687192931028792131e+01 -2.374804448182757710e+00 6.374733405502917094e+01 9.534429096879662779e+00 2.487949162267046077e+01 9.135156628734339535e+00
-6.001777846855143395e+01 -1.549664447107319347e+03 4.892343474248728796e+01 -1.725308716664214046e+02 7.470731365309964644e+01 -5.021804855031537329e+01 7.561697793685851821e+01 -5.455144474653410569e+00 -5.580403762519390298e+00 -2.376863213035559141e+01 -4.957490080109797637e-01 1.632163579992254299e+01 -7.957180908126847418e-01 4.548862283730053946e+02 -8.049618121050354347e+00 8.155145359173048281e-01 5.563784910962378483e+00 5.958745097552712311e-01 1.365752091797008561e+01 -3.126128684697453863e+00 -1.849158011528762700e+03 -2.078092480993251684e+03 1.146380471866478729e+03 4.107836318044976451e+02 1.777688698350629579e+02 4.683391364373265446e+02 -4.189053157024466145e+01 2.380467122981308421e+02 -1.784344157990498729e+02 -2.558564840582893396e+01 -2.775082485100693930e+01 1.219781855746087551e+01 2.758224891033592030e+01 4.857018784123511637e+02 1.014566946324383956e+01 -4.476174009848586621e+01 1.748337547026057592e+01 -2.902684943967526365e+01 1.963597090970950632e+01 2.406248094076234878e+01 2.110686994917764139e+02 -2.025783976141662492e+02 -2.867114818816789921e+02 2.411516188715456508e+02 3.959920055313327794e+02 1.920722579938805552e+02 -5.641730730810026273e+01 2.192148324602938203e+02 -3.032004861004496661e+02 2.851510989032211540e+01 -1.098341824193396974e+02 -1.468710891104257676e+01 1.638254520409748594e+01 6.260716398267275906e+01 1.159886171814070721e+01 -1.796220050660993195e+01 4.899207538950818019e+01 -2.986633371994942010e+01 1.186608872650751678e+01 -3.840025930772073792e+01
2.253080816110591968e+03 -6.889609037514192096e+02 -5.119904761767081425e+01 -2.177259002164953756e+02 -5.925952223929758134e+01 -7.702819083208839857e+01 6.442717127947015854e+01 -2.412441566946527161e+01 3.908992302145819053e+01 -1.720796491825750607e+01 -1.665014658113130874e+00 2.184846440135691736e+01 1.890520514178928080e+00 -8.049618121050354347e+00 3.093041020486772368e+02 -3.778068628332363676e+00 -2.686611374070291269e+00 -1.306979091996641529e+00 -1.149528741326226289e+01 7.833502213274883275e+00 5.408061774653776411e+03 -1.605619923729587072e+03 -2.264020634783611285e+02 -5.055357253844547927e+02 3.088415730934209478e+02 -2.249628337871407950e+02 1.749068897106776035e+02 1.439067950344924327e+02 9.130515462703411345e+01 -7.572295181911039208e+01 -6.556486106840593209e+01 3.447894127982640100e+01 1.914975647188643748e+01 1.039046647321211658e+01 3.101103521264762435e+02 -2.687027846095993411e+01 1.023897448656912790e+00 9.627815420951385761e+00 -6.403941537627004799e+00 2.742591889998024612e+01 1.603680894690549394e+03 7.599199826370386290e+02 -8.149442281256757497e+02 -7.472733487889569233e+02 2.906018161652474419e+02 1.785689503180568067e+02 -1.422436938958155679e+02 9.738067389412691455e+01 9.555400743672446140e+01 1.484169052315584736e+02 3.844183266487934247e+01 -5.709060601708272031e+01 -2.091872714738321370e+00 4.141307202035139312e+01 8.965087543184800722e+01 1.125257529187917527e+01 -7.019598415782637879e+00 5.645715366926496337e+00 3.187522834645279524e+00 5.850773405782671688e+00
1.658633374265905402e+01 2.259678344350541224e+01 2.342131647161419039e+02 3.062349411906287173e+02 -7.675693270299690951e+00 1.940948066991641596e+01 1.616600138130552580e+02 -1.019388581788044590e+01 -1.033237333801257662e+01 -1.888061053732201344e+01 3.164125521444123379e+01 1.405121532032959131e+01 -2.926905327877970531e-01 8.155145359173048281e-01 -3.778068628332363676e+00 2.167350046810658739e+02 -7.212894625110206626e+00 3.191217863052922432e+00 -4.312922509301446716e+00 6.157286909515484297e+00 -2.823862948026342110e+03 -5.505456644361921690e+02 6.402817747817366580e+02 1.632577937324358857e+02 -1.743521902506217032e+02 9.367384242011689821e+01 9.106538664679695216e+01 -7.409940276477081511e+01 2.682586062110376446e+01 1.651508425584137996e+01 8.360950189877156902e+01 1.411829298703668911e+01 4.026268277283845620e+00 1.709045578688187916e+01 -8.471430447534709529e+00 2.195169245154098405e+02 -1.889549510935920296e+01 1.906528606448236118e+01 -2.292215841900159035e+00 1.800467419618371778e+01 -1.301322053330226481e+03 7.262248178787723418e+01 -4.642150507634460155e+02 1.900278725972119105e+02 4.962149149296183737e+02 -1.087581137647540430e+02 -2.918596418960654546e+02 -1.589246881675171608e+02 1.471659998828421010e+02 8.664984942809471136e+01 1.625141344159343362e+02 7.299223058074558423e+01 1.714531894728330741e+01 1.653201253793876191e+01 -4.604804225035339016e+01 4.151043556241949517e+01 1.106170388028762908e+01 2.545193591393434573e+01 2.775747343248413657e+01 1.762943048573507099e+01
-6.939940875673738674e+02 1.783339850460325238e+02 1.606875510003318368e+02 9.530336589909663303e+01 4.329764362367986053e+01 -7.216153236755754108e+01 -1.605976178857627445e+01 4.833617311096431024e+01 2.933317495689883714e+01 1.763726420818576912e+01 1.202125959546337164e+01 7.305074916637497751e+00 4.381309144090256069e+00 5.563784910962378483e+00 -2.686611374070291269e+00 -7.212894625110206626e+00 1.718575571837791358e+02 1.343373057868959997e+00 -2.582989140569292186e+00 2.700765467177559831e+00 4.662668537291036046e+03 2.082803915822767067e+02 1.062139746750197673e+03 5.378519885186263991e+02 7.272724169581867670e+01 -2.538952760486484124e+02 1.731805896746397480e+02 1.418570686222670645e+02 1.036472242050541439e+02 6.870519741427820293e+01 -4.273178233163881856e+01 -9.204294194505227011e+00 -1.775892237319713374e+01 1.304785019105694843e+01 2.330802571308141680e+01 -1.528634259165047737e+01 1.833635277164580941e+02 -9.977023029168291757e+00 -1.077378184191909583e+01 -8.234104253754550129e+00 3.601417573678492772e+03 1.153486178659458119e+03 -2.892694206103619194e+02 -4.569097914024829947e+02 1.885704222421681777e+02 -2.365042703686266634e+01 4.015907140992952691e+02 1.388060663546138471e+02 4.058404057638374240e+01 6.728836485489074448e+01 -5.404302438828447919e+01 -3.929243303702595114e+01 -3.390142353891970117e+01 4.686589214758756583e+01 5.148661549476778987e+01 -1.113120300068998647e+00 5.111588793463197078e+01 -1.819419883662467186e+01 -2.420375032373528157e+01 1.079014245945749018e+01
3.667856727821484810e+02 4.799095078504542471e+02 1.969425182135994987e+02 -1.612855250203057267e+01 4.560410522527471500e+01 6.485983726279285122e+01 -6.642659925070580584e+01 3.913734139376314403e+01 2.879099013073370372e+01 1.113672946554857646e+01 -7.257666746030691840e+00 -3.600856170546429702e+00 -4.058443668513207037e+00 5.958745097552712311e-01 -1.306979091996641529e+00 3.191217863052922432e+00 1.343373057868959997e+00 1.284760719920239467e+02 4.973727722801014189e-02 6.830692136469806108e+00 1.849386466137143088e+03 4.619559517450067574e+02 2.971269811320369740e+02 7.828147660214143855e+01 -4.272468186342078411e+01 -1.335108982088217715e+02 -5.071312204567608717e+01 2.952553523847970496e+01 5.112472407225335047e+01 7.122469980849959370e+01 -4.184494651946716459e+01 -1.053014351939491355e+01 4.016607457034782414e+01 2.666394990364611317e+01 4.368097684763428745e+00 2.746929884110911857e+01 3.100606806594417897e+00 1.274498626321560266e+02 5.788469035145059394e+00 1.917406607274065777e+01 -1.607280325998405715e+03 -1.556523589733168137e+03 3.614053155969268118e+02 3.182449114080413466e+01 5.428199507607430405e+02 -2.051641473940721028e+02 -2.159964997161108045e+02 -2.311435460736674656e+02 6.673899354871680600e+01 1.822404288947740270e+01 -8.134669698529717152e+01 3.220902795895475634e+01 2.772399908514064037e+01 3.984049013565142872e+01 -4.475475568490224987e+01 1.057869635063248914e+01 3.098420507593271367e+01 2.015261449608978950e+01 1.224126846099202837e+01 3.055820160278854658e+01
3.298357059820502286e+02 -5.135712891842200634e+02 -1.745291199206790225e+02 8.320385226017288005e+01 -1.793783940333930715e+01 1.026866869234183923e+02 3.247972169859014002e+01 4.640696751399116238e+01 1.539497157233107494e+01 4.707379399838220735e+01 1.915030441257080884e+00 -5.807577627043541968e-01 -8.208135259944988882e-02 1.365752091797008561e+01 -1.149528741326226289e+01 -4.312922509301446716e+00 -2.582989140569292186e+00 4.973727722801014189e-02 1.084135532947325373e+02 -6.184106088444112359e-01 2.356368851042580275e+02 -1.107687165819228539e+03 -4.732376013627376210e+02 -1.249997309675586052e+02 2.202383455629060194e+01 -5.999831283615546340e+01 1.152386080678036606e+01 6.023382169602618319e+01 9.852797797448359063e+01 7.891823030101318182e+01 -3.250689595991529046e+01 5.361806001008805111e+00 7.661143795090231023e+00 2.591412012982540958e+01 2.662198222640725476e+00 -1.104681763451084997e+01 -9.793788082633318126e+00 -5.655458660498932311e+00 9.009890875453950798e+01 -1.306796115258239688e+01 -4.194020395467814524e+03 -1.324361023767173037e+03 5.964619620486016771e+01 2.246290957536625399e+01 9.600908458819972680e+01 -1.817398278057669927e+02 -1.923562767902897974e+02 -1.364180826364500376e+02 -4.219779792207616254e+01 -2.421890633301727291e+01 1.048229211786970438e+01 2.792726908073712622e+01 7.965016867920293286e+00 1.351740617033405378e+01 1.001774400600039527e+01 -8.691897155281749221e+00 -9.362463888404420231e+00 -2.136625363319971882e+01 -3.903743190850556211e+00 -7.871956761633173372e+00
-3.604250751367056864e+02 -2.330703312057525167e+01 -1.350046268201859334e+02 -2.384266702293430384e+01 -2.535173383204842423e+01 8.983201817177869941e+01 2.663370725824750451e+01 2.341922741296813726e+01 1.038971756889534603e+01 7.824032588414988609e+00 -1.667977241258375187e+01 9.999583055656254160e+00 1.439358751529395875e+01 -3.126128684697453863e+00 7.833502213274883275e+00 6.157286909515484297e+00 2.700765467177559831e+00 6.830692136469806108e+00 -6.184106088444112359e-01 8.294513487659538953e+01 4.101936456226235350e+02 6.983968216353254377e+01 5.641031597601370322e+02 1.423195759710381196e+02 1.342406374576289636e+02 2.299575301090712287e+01 2.157914804492443182e+02 1.091523556336138796e+02 6.169030834551361409e+01 6.467895659395711538e-01 1.453577974646846371e+01 3.552578019384018404e+01 -4.879563556061111029e+00 3.073392604503454706e+01 3.237635688417282154e+01 2.035550458086889591e+01 3.233435287488636956e+00 6.907904943501528727e+00 -2.731575663835559276e+00 9.713396623588683099e+01 -1.233851204850771182e+03 8.325924900001401738e+02 4.149365279450582307e+02 -7.145783804975410192e+01 -1.008215784647617852e+02 -1.556438602185110653e+00 1.791589961160698579e+02 6.714457211022399008e+01 -1.363672082937398322e+01 -5.514403729622647354e+00 -1.469141167347612020e+00 3.560560455518844591e+00 -2.888058061279719624e+01 -9.329281620693262722e-01 8.280601616634735151e+00 3.699341931507056647e-02 8.768614797395077431e+00 1.906579254924079692e+01 1.245847502936455742e+00 3.616985920453674908e+01
6.649198226790195331e+06 -7.936688172152628249e+04 -2.245542924012536969e+04 -1.557697157454422086e+04 4.489166031786860549e+04 -1.491548337034789802e+04 -4.457177462183255557e+04 1.799947356178317932e+04 -1.871654634301755095e+03 1.521637917979153099e+04 3.948644726631654066e+03 -9.560254119431729123e+03 4.631539540181270240e+03 -1.849158011528762700e+03 5.408061774653776411e+03 -2.823862948026342110e+03 4.662668537291036046e+03 1.849386466137143088e+03 2.356368851042580275e+02 4.101936456226235350e+02 3.930964807472915947e+07 -5.371517316345513100e+05 -4.758715960404418292e+05 -2.429052244020479557e+05 2.510960791792510718e+05 -8.936612582908201148e+04 -1.398655444083760958e+05 6.475659040801283118e+04 2.587900874335672415e+04 6.593913585038186284e+04 1.688952649205482430e+03 -2.566198989734575662e+04 1.967410570559731696e+03 1.014750851230879380e+04 1.022617416442530885e+04 -8.296050211418618346e+03 4.313190543062299184e+03 1.231961512806698192e+04 -6.633429723953738176e+03 4.642225045862641309e+03 2.216151657519554719e+07 -1.208823631688034162e+06 2.962425898726438754e+05 3.200477104461727868e+04 6.726480163795374392e+04 2.844246954140642174e+03 -6.148522876825989806e+04 8.647843826284701936e+04 -1.837271216778605958e+04 3.021292137288198865e+04 -2.455497880751226603e+03 -7.684116214400065473e+03 1.290431822691643356e+04 1.334702347721233673e+04 1.063013642175377754e+04 -9.584653750803929142e+03 8.741236163987709006e+03 1.024601684755867245e+04 -3.223186232472582560e+03 6.039494256979876809e+03
-2.090459249196509481e+05 1.666763704835030949e+06 -8.294477233830402838e+04 2.730321818734695262e+04 -8.956466442733626536e+03 -1.010312658311769701e+04 -1.936933445998827301e+04 5.728778167026136543e+03 1.282577194608285390e+04 -4.131310196814415576e+03 -3.252610725442688818e+03 2.001763327506936776e+03 5.430765693351952905e+03 -2.078092480993251684e+03 -1.605619923729587072e+03 -5.505456644361921690e+02 2.082803915822767067e+02 4.619559517450067574e+02 -1.107687165819228539e+03 6.983968216353254377e+01 -5.371517316345513100e+05 8.998514481218755245e+06 3.197785119128159567e+04 1.435835928537331347e+05 8.201761304047908925e+04 -3.451312873435686924e+04 -3.434668579892438720e+04 3.663637449575692881e+04 3.476509833553212229e+04 -8.797565553754542634e+03 -9.368018760400629617e+03 3.988593385972855231e+03 4.852592577618390351e+03 -7.429458088254065842e+03 -4.613793618088971584e+02 5.673393212525601484e+03 5.191639180906367073e+03 2.295487819468027737e+03 -5.223903285715904531e+03 -1.854090938966680824e+03 -8.435260650854712585e+05 4.364802844683160074e+06 1.251171382760985871e+05 -7.077531850646632665e+04 8.863000438575941371e+04 -6.179058338687319338e+04 -4.487423047671723180e+04 3.797847544915774051e+04 8.944799981208436293e+03 2.535929023802759730e+03 -1.136155959510193497e+04 1.709634244534183017e+04 5.302068803674837000e+03 1.990723636365558150e+03 -4.118021623689256558e+03 4.073491925429428193e+03 -4.897704351874158419e+02 3.149835988372046245e+02 -8.834507901672149046e+02 -1.471778661533926993e+02
-8.073319514063386305e+04 1.405180801562300258e+04 4.632747194290116895e+05 -4.743584768277374678e+03 8.000693970357240687e+03 -6.286150823119293136e+02 -2.968872197676659653e+03 -1.553425324327955877e+03 2.867682690533596997e+03 -2.333207475231328317e+03 -2.363546003450210549e+02 2.082871769836637668e+03 -3.524719594072148084e+03 1.146380471866478729e+03 -2.264020634783611285e+02 6.402817747817366580e+02 1.062139746750197673e+03 2.971269811320369740e+02 -4.732376013627376210e+02 5.641031597601370322e+02 -4.758715960404418292e+05 3.197785119128159567e+04 2.525839597823006567e+06 -4.400106189900531899e+04 -9.998818512892585204e+03 -2.136391294021678732e+03 -2.277517055275247549e+04 1.477519535384663686e+04 1.460967007025701969e+04 2.165402127203074997e+03 -1.584492867912170595e+03 3.830859020097961093e+03 3.511192634966748301e+03 3.779506204608529060e+03 -7.098355734607049499e+02 -4.636812178396001372e+01 1.545824607296899785e+03 -1.490583412178127219e+03 8.624563289719548038e+02 7.231259230582387545e+02 -1.984765589382165927e+05 -8.932104916053304623e+04 1.412809168973199790e+06 1.235722101246870261e+04 9.035391603213545750e+03 9.830612559194127243e+03 -4.101679209599366732e+04 2.253742064339444551e+04 -1.511980381255130487e+04 -2.614133748943332193e+03 7.261672842621190966e+02 7.462349299333051022e+03 2.896457451267620854e+03 1.570921097208006586e+03 5.778231080237507740e+03 -2.051243751178926232e+03 2.722826103645729745e+03 -2.031180195381023395e+03 7.107042190923835960e+02 -2.296658776343685986e+03
-5.002096080126792367e+04 1.991964799207951728e+04 -2.187783991875652646e+04 1.528177280156084162e+05 5.223255322990222339e+03 -5.892309548298075242e+03 2.387926251710400720e+03 -1.663421561201257418e+03 5.298600278229973810e+02 2.318226870960592350e+03 -3.713524050633999991e+02 1.871405309921882917e+03 1.065354065607090888e+03 4.107836318044976451e+02 -5.055357253844547927e+02 1.632577937324358857e+02 5.378519885186263991e+02 7.828147660214143855e+01 -1.249997309675586052e+02 1.423195759710381196e+02 -2.429052244020479557e+05 1.435835928537331347e+05 -4.400106189900531899e+04 8.581029560269274516e+05 1.307395879210276689e+03 -3.434892541930888456e+03 -3.439377877386310956e+03 -1.074507343834919448e+04 -2.866977148841136568e+03 4.486342467025511723e+03 -1.398178030242539535e+03 3.710549460686689144e+03 1.476241149217094062e+03 1.980082079490603064e+03 -6.876272625437793522e+02 8.147663740508983210e+02 1.833123462856467995e+03 2.117630897943198249e+02 -6.153160926742269794e+02 7.976127186435645626e+02 -1.131447637933028091e+04 1.480564013580768951e+05 -6.497730804043970420e+04 3.749580736865459476e+05 -2.030042269758437396e+04 2.099152022220500658e+04 -7.199309598839057855e+01 -7.944552477659213764e+03 -2.792560409195556531e+03 3.941705911451423162e+03 -4.061025822855571050e+02 2.248833825877393792e+03 1.850121137912403128e+03 -3.250086944001226584e+03 -6.030316984322664666e+02 1.720508079660695557e+03 3.622823197600977210e+02 -8.396684438716220029e+02 2.611865886787780937e+02 1.762632021099140047e+03
6.641540408383510658e+04 1.065869843578727887e+04 -2.589352074558683853e+03 8.859168090622034697e+02 5.202442888341103389e+04 -4.363023406514869748e+03 -1.262645850364045145e+03 1.950264290220210057e+02 3.697977887260831835e+02 -1.682865315401594216e+03 4.418811161500713069e+02 7.504338127067140931e+02 3.255720331037469464e+02 1.777688698350629579e+02 3.088415730934209478e+02 -1.743521902506217032e+02 7.272724169581867670e+01 -4.272468186342078411e+01 2.202383455629060194e+01 1.342406374576289636e+02 2.510960791792510718e+05 8.201761304047908925e+04 -9.998818512892585204e+03 1.307395879210276689e+03 3.096031381157008582e+05 -3.293778174253230645e+03 -1.873147602631523114e+03 3.705783751174969439e+03 -1.637181598200299504e+03 -1.837848411307688139e+03 1.580233943594726497e+03 1.681691609570070341e+03 3.159177806661811701e+03 -1.874727544783483779e+02 2.835034173561049329e+02 3.515003206758452592e+01 1.889117753737448595e+02 1.104414505232661668e+03 7.605350405844415036e+02 4.134145275298288311e+02 1.842768739705769985e+05 -2.724884211166405657e+04 -3.991554592365635472e+04 -6.784250090924583674e+03 1.412656779137584963e+05 3.489789634568700876e+03 -1.328658731633488060e+04 7.850150482795444987e+03 -3.266297484391275248e+03 2.539702330861091468e+03 -3.087210695353145411e+02 1.716964644536791866e+03 1.630557721769534965e+03 2.856976969765851777e+02 -2.677112709178196610e+02 1.294609128169538053e+03 4.004432221169207082e+02 1.807513056941995160e+02 1.176769946312519551e+03 3.141384606017766146e+02
-2.012313523874784369e+04 -1.241263613836378681e+04 1.976930243284410153e+03 -1.123963507240835270e+03 -7.098009640213640523e+02 2.679653058851378955e+04 -4.558649078179755953e+00 -1.333996243739343583e+02 -6.688122164691733360e+02 2.430105286343015436e+01 1.743908610906263732e+02 -2.773385587320913714e+02 6.818787363145410154e+02 4.683391364373265446e+02 -2.249628337871407950e+02 9.367384242011689821e+01 -2.538952760486484124e+02 -1.335108982088217715e+02 -5.999831283615546340e+01 2.299575301090712287e+01 -8.936612582908201148e+04 -3.451312873435686924e+04 -2.136391294021678732e+03 -3.434892541930888456e+03 -3.293778174253230645e+03 1.562088587796797801e+05 -3.036854501109828561e+03 -2.844935485435330520e+03 -1.237987562026468140e+03 -6.347879959903797271e+02 -6.028938154103951774e+02 -2.519718566703875808e+02 2.328769986354594948e+03 3.020290597863589710e+02 -9.318429025234905794e+02 6.075175019768560105e+02 -1.973967830708152462e+02 1.882104454670297287e+02 2.148575926275435393e+02 -4.268576533992685427e+02 1.382840501819403107e+04 -9.200291261456765642e+04 2.294023491619396009e+04 2.678867505218006045e+04 8.550297686025425719e+03 6.918773900373512879e+04 -8.162570786974117709e+01 -7.225742972160726822e+03 -4.230130276002198116e+03 -1.107630880827657478e+02 -1.292634074411991605e+03 1.309311947651741548e+03 2.442178042895422550e+03 2.355687290674741234e+02 4.569023902540629365e+02 1.024353906398570615e+02 -7.809498109032053890e+02 9.763031976289137219e+02 -3.120952922289391154e+02 -1.578954226758817470e+02
