[desi]
qpar = 0.8 1.0 1.2
qper = 0.8 1.0 1.2
dm = -3.0 0.0 3.0
dn = 0.0
f = 0.0 0.8 1.0
b1 = -1.0 0.6 4.0
b2 = -75.00000000000001 -3.0 74.99999999955264
bs = -75.00000000000001 -0.71 74.99999999955264
b3 = -0.479
